-- // converted using mech's animoduler
local cfr = CFrame.new

return {{tm=0;["Left Leg"]={cf=cfr(0,0,0,.906,-.044,.42,0,.995,.105,-.423,-.095,.901);es="Constant";ed="In";};["Right Arm"]={cf=cfr(.055,-.375,.282,.164,-.098,.982,.973,.181,-.144,-.163,.979,.125);es="Constant";ed="In";};["Left Arm"]={cf=cfr(.108,-.464,.703,.132,.981,.143,.631,.028,-.775,-.764,.193,-.615);es="Constant";ed="In";};["Right Leg"]={cf=cfr(0,0,0,.988,.081,-.133,-.07,.994,.087,.139,-.077,.987);es="Constant";ed="In";};["Head"]={cf=cfr(0,0,0,.995,-.105,0,.103,.979,-.174,.018,.173,.985);es="Constant";ed="In";};};{tm=.083;["Left Leg"]={cf=cfr(0,0,0,.906,-.044,.42,0,.995,.105,-.423,-.095,.901);es="Constant";ed="In";};["Right Arm"]={cf=cfr(.039,-.472,.298,.164,-.098,.982,.973,.181,-.144,-.163,.979,.125);es="Constant";ed="In";};["Left Arm"]={cf=cfr(.122,-.542,.642,.132,.981,.143,.631,.028,-.775,-.764,.193,-.615);es="Constant";ed="In";};["Right Leg"]={cf=cfr(0,0,0,.988,.081,-.133,-.07,.994,.087,.139,-.077,.987);es="Constant";ed="In";};["Head"]={cf=cfr(0,0,0,.995,-.104,-.004,.103,.985,-.139,.018,.138,.99);es="Constant";ed="In";};};{tm=.25;["Left Leg"]={cf=cfr(0,0,0,.906,-.044,.42,0,.995,.105,-.423,-.095,.901);es="Constant";ed="In";};["Right Arm"]={cf=cfr(.039,-.472,.298,.232,-.098,.968,.961,.181,-.212,-.154,.979,.136);es="Constant";ed="In";};["Left Arm"]={cf=cfr(.122,-.542,.642,.132,.968,.211,.631,.082,-.771,-.764,.235,-.6);es="Constant";ed="In";};["Right Leg"]={cf=cfr(0,0,0,.988,.081,-.133,-.07,.994,.087,.139,-.077,.987);es="Constant";ed="In";};["Head"]={cf=cfr(0,0,0,.995,-.104,.004,.103,.973,-.208,.018,.207,.978);es="Constant";ed="In";};};{tm=.625;["Left Leg"]={cf=cfr(0,0,0,.906,-.044,.42,0,.995,.105,-.423,-.095,.901);es="Constant";ed="In";};["Right Arm"]={cf=cfr(.039,-.472,.298,.146,-.098,.984,.975,.181,-.127,-.165,.979,.122);es="Constant";ed="In";};["Left Arm"]={cf=cfr(.122,-.542,.642,.132,.983,.126,.631,.014,-.776,-.764,.182,-.618);es="Constant";ed="In";};["Right Leg"]={cf=cfr(0,0,0,.988,.081,-.133,-.07,.994,.087,.139,-.077,.987);es="Constant";ed="In";};["Head"]={cf=cfr(0,0,0,.995,-.104,.011,.103,.956,-.275,.018,.275,.961);es="Constant";ed="In";};};{tm=.792;["Right Arm"]={cf=cfr(.039,-.472,.298,.043,-.098,.994,.983,.181,-.024,-.177,.979,.104);es="Constant";ed="In";};["Left Arm"]={cf=cfr(.122,-.542,.642,.132,.99,.04,.631,-.053,-.774,-.764,.127,-.632);es="Constant";ed="In";};["Head"]={cf=cfr(0,0,0,.995,-.104,.009,.103,.961,-.258,.018,.258,.966);es="Constant";ed="In";};};{tm=.833;["Right Arm"]={cf=cfr(.039,-.472,.298,-.009,-.098,.995,.983,.181,.027,-.183,.979,.095);es="Constant";ed="In";};["Left Arm"]={cf=cfr(.122,-.542,.642,.132,.991,.005,.631,-.08,-.772,-.764,.105,-.636);es="Constant";ed="In";};["Head"]={cf=cfr(0,0,0,.995,-.104,.005,.103,.969,-.225,.018,.224,.974);es="Constant";ed="In";};};{tm=1.033;["Left Leg"]={cf=cfr(0,0,0,.906,-.044,.42,0,.995,.105,-.423,-.095,.901);es="Constant";ed="In";};["Right Arm"]={cf=cfr(.039,-.472,.298,.043,-.098,.994,.983,.181,-.024,-.177,.979,.104);es="Constant";ed="In";};["Left Arm"]={cf=cfr(.122,-.542,.642,.132,.99,.04,.631,-.053,-.774,-.764,.127,-.632);es="Constant";ed="In";};["Right Leg"]={cf=cfr(0,0,0,.988,.081,-.133,-.07,.994,.087,.139,-.077,.987);es="Constant";ed="In";};["Head"]={cf=cfr(0,0,0,.995,-.105,0,.103,.979,-.174,.018,.173,.985);es="Constant";ed="In";};};}
